<svg xmlns="http://www.w3.org/2000/svg" width="43" height="42" viewBox="0 0 43 42" fill="none">
<path d="M39.0284 19.2451H35.4499C35.0621 16.2021 33.6747 13.374 31.5056 11.2049C29.3364 9.03578 26.5084 7.64839 23.4654 7.26054V3.68211C23.4654 3.22349 23.2832 2.78366 22.9589 2.45936C22.6347 2.13507 22.1948 1.95288 21.7362 1.95288C21.2776 1.95288 20.8377 2.13507 20.5134 2.45936C20.1891 2.78366 20.007 3.22349 20.007 3.68211V7.26054C16.964 7.64841 14.136 9.0358 11.9669 11.2049C9.79777 13.3741 8.41041 16.2021 8.02259 19.2451H4.44408C3.98545 19.2451 3.54562 19.4273 3.22132 19.7516C2.89703 20.0759 2.71484 20.5157 2.71484 20.9743C2.71484 21.4329 2.89703 21.8728 3.22132 22.1971C3.54562 22.5214 3.98545 22.7035 4.44408 22.7035H8.02259C8.41043 25.7465 9.79781 28.5745 11.9669 30.7437C14.136 32.9128 16.9641 34.3002 20.007 34.688V38.2665C20.007 38.7251 20.1892 39.165 20.5135 39.4893C20.8378 39.8136 21.2777 39.9957 21.7363 39.9957C22.1949 39.9957 22.6347 39.8136 22.959 39.4893C23.2833 39.165 23.4655 38.7251 23.4655 38.2665V34.688C26.5085 34.3001 29.3365 32.9127 31.5056 30.7436C33.6747 28.5745 35.0621 25.7464 35.4499 22.7035H39.0284C39.487 22.7035 39.9268 22.5213 40.2511 22.197C40.5754 21.8727 40.7576 21.4329 40.7576 20.9742C40.7576 20.5156 40.5754 20.0758 40.2511 19.7515C39.9268 19.4272 39.487 19.245 39.0284 19.245V19.2451ZM21.7362 31.3496C19.6842 31.3496 17.6782 30.7411 15.972 29.601C14.2658 28.461 12.936 26.8406 12.1507 24.9447C11.3654 23.0489 11.1599 20.9628 11.5603 18.9501C11.9606 16.9375 12.9488 15.0888 14.3998 13.6378C15.8508 12.1868 17.6995 11.1987 19.7121 10.7983C21.7247 10.398 23.8109 10.6035 25.7067 11.3887C27.6025 12.174 29.2229 13.5038 30.363 15.2101C31.503 16.9163 32.1115 18.9222 32.1115 20.9743C32.1084 23.725 31.0143 26.3622 29.0692 28.3072C27.1241 30.2523 24.487 31.3464 21.7362 31.3496Z" fill="#0EABBC"/>
<path d="M21.7372 14.0574C20.3691 14.0574 19.0318 14.463 17.8944 15.2231C16.7569 15.9831 15.8703 17.0634 15.3468 18.3273C14.8233 19.5911 14.6863 20.9819 14.9532 22.3236C15.2201 23.6654 15.8789 24.8978 16.8462 25.8652C17.8136 26.8325 19.046 27.4913 20.3878 27.7582C21.7295 28.0251 23.1202 27.8881 24.3841 27.3646C25.648 26.841 26.7283 25.9545 27.4883 24.817C28.2483 23.6795 28.654 22.3422 28.654 20.9742C28.6519 19.1404 27.9225 17.3823 26.6258 16.0856C25.3291 14.7889 23.571 14.0595 21.7372 14.0574ZM21.7372 24.4327C21.0531 24.4327 20.3845 24.2298 19.8157 23.8498C19.247 23.4698 18.8037 22.9297 18.542 22.2977C18.2802 21.6658 18.2117 20.9704 18.3452 20.2995C18.4786 19.6286 18.808 19.0124 19.2917 18.5287C19.7753 18.045 20.3916 17.7157 21.0624 17.5822C21.7333 17.4488 22.4287 17.5173 23.0607 17.779C23.6926 18.0408 24.2327 18.4841 24.6128 19.0528C24.9928 19.6215 25.1956 20.2902 25.1956 20.9742C25.1946 21.8911 24.8299 22.7702 24.1815 23.4186C23.5331 24.0669 22.6541 24.4316 21.7372 24.4327Z" fill="#0EABBC"/>
</svg>






<svg xmlns="http://www.w3.org/2000/svg" width="34" height="40" viewBox="0 0 34 40" fill="none">
<path d="M28.357 16.8419C28.357 23.0965 23.2866 28.1669 17.032 28.1669C10.7774 28.1669 5.70698 23.0965 5.70698 16.8419C5.70698 10.5872 10.7774 5.51687 17.032 5.51687C23.2866 5.51687 28.357 10.5872 28.357 16.8419Z" fill="#3DCAB1"/>
<path d="M33.6637 16.8419C33.6637 12.5945 32.0445 8.33893 28.7897 5.08418C25.535 1.82944 21.2875 0.218342 17.032 0.210205C12.7764 0.218342 8.52081 1.83758 5.27421 5.08418C-1.21901 11.5774 -1.21901 22.1065 5.27421 28.5997L16.0067 39.3322C16.5763 39.9018 17.4958 39.8937 18.0572 39.3322L28.7897 28.5997C32.0445 25.3612 33.6637 21.1057 33.6637 16.8419ZM17.032 29.7145C13.7447 29.7145 10.4411 28.4614 7.92682 25.9471C2.89824 20.9185 2.89824 12.7654 7.92682 7.7368C10.4411 5.22251 13.7365 3.9613 17.032 3.96943C20.3193 3.96943 23.6228 5.22251 26.1371 7.7368C28.6514 10.2511 29.9126 13.5465 29.9045 16.8419C29.9045 20.1292 28.6514 23.4328 26.1371 25.9471C23.6228 28.4614 20.3274 29.7226 17.032 29.7145Z" fill="#1B365D"/>
</svg>